{
 "cells": [
  {
   "cell_type": "code",
   "execution_count": 1,
   "metadata": {
    "collapsed": true
   },
   "outputs": [],
   "source": [
    "import pandas as pd\n",
    "df = pd.read_csv(\"C:/Users/Admin/Documents/Datasets/iris.csv\")"
   ]
  },
  {
   "cell_type": "code",
   "execution_count": 2,
   "metadata": {},
   "outputs": [
    {
     "data": {
      "text/html": [
       "<div>\n",
       "<style scoped>\n",
       "    .dataframe tbody tr th:only-of-type {\n",
       "        vertical-align: middle;\n",
       "    }\n",
       "\n",
       "    .dataframe tbody tr th {\n",
       "        vertical-align: top;\n",
       "    }\n",
       "\n",
       "    .dataframe thead th {\n",
       "        text-align: right;\n",
       "    }\n",
       "</style>\n",
       "<table border=\"1\" class=\"dataframe\">\n",
       "  <thead>\n",
       "    <tr style=\"text-align: right;\">\n",
       "      <th></th>\n",
       "      <th>Unnamed: 0</th>\n",
       "      <th>Sepal.Length</th>\n",
       "      <th>Sepal.Width</th>\n",
       "      <th>Petal.Length</th>\n",
       "      <th>Petal.Width</th>\n",
       "      <th>Species</th>\n",
       "    </tr>\n",
       "  </thead>\n",
       "  <tbody>\n",
       "    <tr>\n",
       "      <th>0</th>\n",
       "      <td>1</td>\n",
       "      <td>5.1</td>\n",
       "      <td>3.5</td>\n",
       "      <td>1.4</td>\n",
       "      <td>0.2</td>\n",
       "      <td>setosa</td>\n",
       "    </tr>\n",
       "    <tr>\n",
       "      <th>1</th>\n",
       "      <td>2</td>\n",
       "      <td>4.9</td>\n",
       "      <td>3.0</td>\n",
       "      <td>1.4</td>\n",
       "      <td>0.2</td>\n",
       "      <td>setosa</td>\n",
       "    </tr>\n",
       "    <tr>\n",
       "      <th>2</th>\n",
       "      <td>3</td>\n",
       "      <td>4.7</td>\n",
       "      <td>3.2</td>\n",
       "      <td>1.3</td>\n",
       "      <td>0.2</td>\n",
       "      <td>setosa</td>\n",
       "    </tr>\n",
       "    <tr>\n",
       "      <th>3</th>\n",
       "      <td>4</td>\n",
       "      <td>4.6</td>\n",
       "      <td>3.1</td>\n",
       "      <td>1.5</td>\n",
       "      <td>0.2</td>\n",
       "      <td>setosa</td>\n",
       "    </tr>\n",
       "    <tr>\n",
       "      <th>4</th>\n",
       "      <td>5</td>\n",
       "      <td>5.0</td>\n",
       "      <td>3.6</td>\n",
       "      <td>1.4</td>\n",
       "      <td>0.2</td>\n",
       "      <td>setosa</td>\n",
       "    </tr>\n",
       "  </tbody>\n",
       "</table>\n",
       "</div>"
      ],
      "text/plain": [
       "   Unnamed: 0  Sepal.Length  Sepal.Width  Petal.Length  Petal.Width Species\n",
       "0           1           5.1          3.5           1.4          0.2  setosa\n",
       "1           2           4.9          3.0           1.4          0.2  setosa\n",
       "2           3           4.7          3.2           1.3          0.2  setosa\n",
       "3           4           4.6          3.1           1.5          0.2  setosa\n",
       "4           5           5.0          3.6           1.4          0.2  setosa"
      ]
     },
     "execution_count": 2,
     "metadata": {},
     "output_type": "execute_result"
    }
   ],
   "source": [
    "df.head()"
   ]
  },
  {
   "cell_type": "code",
   "execution_count": 3,
   "metadata": {},
   "outputs": [],
   "source": [
    "df = df.drop(labels=\"Unnamed: 0\", axis=1)"
   ]
  },
  {
   "cell_type": "code",
   "execution_count": 4,
   "metadata": {},
   "outputs": [
    {
     "data": {
      "text/html": [
       "<div>\n",
       "<style scoped>\n",
       "    .dataframe tbody tr th:only-of-type {\n",
       "        vertical-align: middle;\n",
       "    }\n",
       "\n",
       "    .dataframe tbody tr th {\n",
       "        vertical-align: top;\n",
       "    }\n",
       "\n",
       "    .dataframe thead th {\n",
       "        text-align: right;\n",
       "    }\n",
       "</style>\n",
       "<table border=\"1\" class=\"dataframe\">\n",
       "  <thead>\n",
       "    <tr style=\"text-align: right;\">\n",
       "      <th></th>\n",
       "      <th>Sepal.Length</th>\n",
       "      <th>Sepal.Width</th>\n",
       "      <th>Petal.Length</th>\n",
       "      <th>Petal.Width</th>\n",
       "      <th>Species</th>\n",
       "    </tr>\n",
       "  </thead>\n",
       "  <tbody>\n",
       "    <tr>\n",
       "      <th>0</th>\n",
       "      <td>5.1</td>\n",
       "      <td>3.5</td>\n",
       "      <td>1.4</td>\n",
       "      <td>0.2</td>\n",
       "      <td>setosa</td>\n",
       "    </tr>\n",
       "    <tr>\n",
       "      <th>1</th>\n",
       "      <td>4.9</td>\n",
       "      <td>3.0</td>\n",
       "      <td>1.4</td>\n",
       "      <td>0.2</td>\n",
       "      <td>setosa</td>\n",
       "    </tr>\n",
       "    <tr>\n",
       "      <th>2</th>\n",
       "      <td>4.7</td>\n",
       "      <td>3.2</td>\n",
       "      <td>1.3</td>\n",
       "      <td>0.2</td>\n",
       "      <td>setosa</td>\n",
       "    </tr>\n",
       "    <tr>\n",
       "      <th>3</th>\n",
       "      <td>4.6</td>\n",
       "      <td>3.1</td>\n",
       "      <td>1.5</td>\n",
       "      <td>0.2</td>\n",
       "      <td>setosa</td>\n",
       "    </tr>\n",
       "    <tr>\n",
       "      <th>4</th>\n",
       "      <td>5.0</td>\n",
       "      <td>3.6</td>\n",
       "      <td>1.4</td>\n",
       "      <td>0.2</td>\n",
       "      <td>setosa</td>\n",
       "    </tr>\n",
       "  </tbody>\n",
       "</table>\n",
       "</div>"
      ],
      "text/plain": [
       "   Sepal.Length  Sepal.Width  Petal.Length  Petal.Width Species\n",
       "0           5.1          3.5           1.4          0.2  setosa\n",
       "1           4.9          3.0           1.4          0.2  setosa\n",
       "2           4.7          3.2           1.3          0.2  setosa\n",
       "3           4.6          3.1           1.5          0.2  setosa\n",
       "4           5.0          3.6           1.4          0.2  setosa"
      ]
     },
     "execution_count": 4,
     "metadata": {},
     "output_type": "execute_result"
    }
   ],
   "source": [
    "df.head()"
   ]
  },
  {
   "cell_type": "code",
   "execution_count": 31,
   "metadata": {},
   "outputs": [
    {
     "name": "stdout",
     "output_type": "stream",
     "text": [
      "              Sepal.Length  Sepal.Width  Petal.Length  Petal.Width\n",
      "Sepal.Length      1.000000    -0.117570      0.871754     0.817941\n",
      "Sepal.Width      -0.117570     1.000000     -0.428440    -0.366126\n",
      "Petal.Length      0.871754    -0.428440      1.000000     0.962865\n",
      "Petal.Width       0.817941    -0.366126      0.962865     1.000000\n"
     ]
    }
   ],
   "source": [
    "print(df.corr())\n",
    "X = df[[\"Sepal.Length\", \"Sepal.Width\", \"Petal.Length\", \"Petal.Width\"]]\n",
    "y = df[[\"Species\"]]"
   ]
  },
  {
   "cell_type": "code",
   "execution_count": 26,
   "metadata": {},
   "outputs": [],
   "source": [
    "from sklearn.model_selection import train_test_split\n",
    "X_train, X_test, y_train, y_test = train_test_split(X, y, test_size=0.2, random_state=42)"
   ]
  },
  {
   "cell_type": "code",
   "execution_count": 27,
   "metadata": {},
   "outputs": [
    {
     "name": "stderr",
     "output_type": "stream",
     "text": [
      "C:\\Users\\Admin\\Anaconda3\\lib\\site-packages\\sklearn\\utils\\validation.py:578: DataConversionWarning: A column-vector y was passed when a 1d array was expected. Please change the shape of y to (n_samples, ), for example using ravel().\n",
      "  y = column_or_1d(y, warn=True)\n"
     ]
    }
   ],
   "source": [
    "from sklearn.linear_model import LogisticRegression\n",
    "lr = LogisticRegression()\n",
    "model = lr.fit(X_train, y_train)\n",
    "pred = model.predict(X_test)"
   ]
  },
  {
   "cell_type": "code",
   "execution_count": 28,
   "metadata": {
    "scrolled": true
   },
   "outputs": [
    {
     "name": "stdout",
     "output_type": "stream",
     "text": [
      "[[1.02551359e-02 6.75935104e-01 3.13809760e-01]\n",
      " [8.86851463e-01 1.13136176e-01 1.23608883e-05]\n",
      " [2.00822919e-05 4.25100585e-01 5.74879333e-01]\n",
      " [1.54598105e-02 5.67098020e-01 4.17442169e-01]\n",
      " [9.21821113e-03 7.56476510e-01 2.34305279e-01]\n",
      " [8.58389702e-01 1.41582360e-01 2.79386885e-05]\n",
      " [1.67644704e-01 7.09390744e-01 1.22964552e-01]\n",
      " [2.77063556e-03 3.03428997e-01 6.93800368e-01]\n",
      " [3.67645651e-03 5.89566059e-01 4.06757484e-01]\n",
      " [6.04213487e-02 7.93081128e-01 1.46497524e-01]\n",
      " [3.86238112e-03 3.14970407e-01 6.81167212e-01]\n",
      " [7.84763490e-01 2.15185350e-01 5.11594677e-05]\n",
      " [8.57919805e-01 1.42072138e-01 8.05668712e-06]\n",
      " [7.92653791e-01 2.07298190e-01 4.80189246e-05]\n",
      " [9.17308673e-01 8.26712478e-02 2.00795972e-05]\n",
      " [2.46838102e-02 5.53142541e-01 4.22173649e-01]\n",
      " [3.52077150e-04 2.73373528e-01 7.26274395e-01]\n",
      " [3.92096110e-02 7.83219018e-01 1.77571371e-01]\n",
      " [1.27204203e-02 5.68910651e-01 4.18368929e-01]\n",
      " [3.81137313e-04 2.96475982e-01 7.03142880e-01]\n",
      " [8.29503744e-01 1.70402845e-01 9.34110978e-05]\n",
      " [4.35950879e-03 3.51899032e-01 6.43741459e-01]\n",
      " [8.72012752e-01 1.27919026e-01 6.82222693e-05]\n",
      " [4.15111081e-04 3.13430304e-01 6.86154585e-01]\n",
      " [8.66033153e-04 3.65722806e-01 6.33411161e-01]\n",
      " [1.51940368e-03 2.75431493e-01 7.23049103e-01]\n",
      " [2.23352517e-04 4.24917445e-01 5.74859202e-01]\n",
      " [4.05455959e-04 2.47148853e-01 7.52445691e-01]\n",
      " [8.10516089e-01 1.89401894e-01 8.20167438e-05]\n",
      " [8.04092388e-01 1.95816257e-01 9.13552352e-05]]\n"
     ]
    },
    {
     "data": {
      "text/plain": [
       "1.0"
      ]
     },
     "execution_count": 28,
     "metadata": {},
     "output_type": "execute_result"
    }
   ],
   "source": [
    "print(model.predict_proba(X_test))\n",
    "model.score(X_test, y_test)"
   ]
  },
  {
   "cell_type": "code",
   "execution_count": 29,
   "metadata": {},
   "outputs": [
    {
     "name": "stdout",
     "output_type": "stream",
     "text": [
      "[[10  0  0]\n",
      " [ 0  9  0]\n",
      " [ 0  0 11]]\n",
      "1.0\n"
     ]
    }
   ],
   "source": [
    "from sklearn.metrics import confusion_matrix, accuracy_score\n",
    "print(confusion_matrix(y_test, pred))\n",
    "print(accuracy_score(y_test, pred))"
   ]
  },
  {
   "cell_type": "code",
   "execution_count": 30,
   "metadata": {},
   "outputs": [
    {
     "data": {
      "text/plain": [
       "virginica     11\n",
       "setosa        10\n",
       "versicolor     9\n",
       "Name: Species, dtype: int64"
      ]
     },
     "execution_count": 30,
     "metadata": {},
     "output_type": "execute_result"
    }
   ],
   "source": [
    "y_test[\"Species\"].value_counts()"
   ]
  },
  {
   "cell_type": "code",
   "execution_count": null,
   "metadata": {},
   "outputs": [],
   "source": []
  }
 ],
 "metadata": {
  "kernelspec": {
   "display_name": "Python 3",
   "language": "python",
   "name": "python3"
  },
  "language_info": {
   "codemirror_mode": {
    "name": "ipython",
    "version": 3
   },
   "file_extension": ".py",
   "mimetype": "text/x-python",
   "name": "python",
   "nbconvert_exporter": "python",
   "pygments_lexer": "ipython3",
   "version": "3.6.4"
  }
 },
 "nbformat": 4,
 "nbformat_minor": 2
}
